/*--------------------------------*- C++ -*----------------------------------*\
| =========                 |                                                 |
| \\      /  F ield         | OpenFOAM: The Open Source CFD Toolbox           |
|  \\    /   O peration     | Version:  2206                                  |
|   \\  /    A nd           | Website:  www.openfoam.com                      |
|    \\/     M anipulation  |                                                 |
\*---------------------------------------------------------------------------*/
FoamFile
{
    version     2.0;
    format      ascii;
    arch        "LSB;label=32;scalar=64";
    class       pointSet;
    location    "constant/polyMesh/sets";
    object      unusedPoints;
}
// * * * * * * * * * * * * * * * * * * * * * * * * * * * * * * * * * * * * * //


8556
(
0
1
2
3
4
5
6
7
8
9
10
11
12
13
14
15
16
17
18
19
20
21
22
23
24
25
26
27
28
29
30
31
32
33
34
35
36
37
38
39
40
41
42
43
44
45
46
47
48
49
50
51
52
53
54
55
56
57
58
59
60
61
62
63
64
65
66
67
68
69
70
71
72
73
74
75
76
77
78
79
80
81
82
83
84
85
86
87
88
89
90
91
16475
92
16476
93
94
95
96
97
98
99
100
101
102
103
104
105
106
107
108
109
110
16494
111
112
113
114
115
116
117
118
119
120
16504
121
122
123
124
125
126
127
16511
128
129
16513
130
16514
131
16515
132
133
134
135
136
137
138
139
140
141
142
143
144
145
146
147
148
149
150
151
16535
152
16536
153
16537
154
155
16539
156
16540
157
16541
158
159
160
161
16545
162
163
164
165
166
167
168
16552
169
170
171
172
16556
173
16557
174
16558
175
16559
176
16560
177
16561
178
179
16563
180
16564
181
182
183
184
16568
185
16569
186
16570
187
16571
188
189
190
191
192
193
194
16578
195
16579
196
16580
197
198
199
200
16584
201
16585
202
203
204
205
206
207
16591
208
16592
209
16593
210
16594
211
16595
212
16596
213
16597
214
215
16599
216
16600
217
16601
218
16602
219
220
221
16605
222
16606
223
16607
224
16608
225
16609
226
16610
227
16611
228
16612
229
16613
230
16614
231
16615
232
16616
233
16617
234
16618
235
236
16620
237
16621
238
16622
239
16623
240
16624
241
16625
242
16626
243
244
16628
245
16629
246
16630
247
16631
248
16632
249
16633
250
16634
251
16635
252
16636
253
16637
254
16638
255
16639
256
16640
257
16641
258
16642
259
16643
260
261
262
16646
263
16647
264
16648
265
16649
266
16650
267
16651
268
269
270
271
272
273
274
275
276
277
278
279
280
281
282
283
284
285
286
287
288
289
290
291
292
293
294
295
296
297
298
299
300
301
302
303
304
305
306
307
308
309
310
311
312
313
314
315
316
317
318
319
320
321
322
323
324
325
326
327
328
329
330
331
332
333
334
335
336
337
338
339
340
341
342
343
344
345
346
347
348
349
350
351
352
353
354
355
356
357
358
359
360
361
362
363
364
365
366
367
368
369
370
371
372
373
374
375
376
377
378
379
380
381
382
383
384
385
386
387
388
389
390
391
392
393
394
395
396
397
398
399
400
401
402
403
404
405
406
407
408
409
410
411
412
413
414
415
416
417
418
419
420
421
422
423
424
425
426
427
428
429
430
431
432
433
434
435
436
437
438
439
440
441
442
443
444
445
446
447
448
449
450
451
452
453
454
455
456
457
458
459
460
461
462
463
464
465
466
467
468
469
470
471
472
473
474
475
476
477
478
479
480
481
482
483
484
485
486
487
488
489
490
491
492
493
494
495
496
497
498
499
500
501
502
503
504
505
506
507
508
509
510
511
512
513
514
515
516
517
518
519
520
521
522
523
524
525
526
527
528
529
530
531
532
533
534
535
536
537
538
539
540
541
542
543
544
545
546
547
548
16932
549
16933
550
551
552
553
554
555
556
557
16941
558
559
560
561
562
563
564
565
566
567
568
569
570
571
572
573
574
575
576
577
578
579
580
581
582
583
584
585
586
587
588
589
590
591
592
593
594
595
596
597
598
599
600
601
602
603
604
605
606
607
608
609
610
611
612
613
614
615
616
617
618
619
620
621
622
623
624
625
626
627
628
629
630
631
632
17016
633
634
635
636
637
638
639
640
641
642
643
644
645
646
647
648
649
650
651
652
653
654
655
656
657
658
659
660
661
662
663
664
665
666
667
668
669
670
671
672
673
674
675
676
677
678
679
680
681
682
683
684
685
686
687
688
689
690
691
692
693
694
695
696
697
700
701
711
712
17107
17163
17164
17165
17174
17175
17182
17183
17192
17193
829
17247
17257
17263
17264
17265
17266
17267
1027
1031
1085
1086
1094
1095
1096
1097
1098
1099
1100
1101
1103
1104
1105
1106
1109
1110
1111
1112
1116
1117
1118
1119
1120
1121
1127
1130
1131
1132
1135
1154
1160
1161
1162
1163
1164
1165
1172
1173
1174
1175
1176
1177
1178
1179
1180
1181
1182
1187
1188
1189
1190
1194
1195
1196
1197
1199
1200
1204
1205
1206
1208
1211
1212
1221
1225
1226
1227
1228
1229
1230
1231
17616
1233
17617
1234
17618
1235
17619
17620
17621
17622
17623
17628
17629
17630
17631
17632
17633
17634
1251
17635
1252
17636
1253
17637
17638
17640
17641
17642
17643
1260
17644
1261
17645
17648
17649
17650
17651
17653
17656
17658
1275
17659
17660
17661
17662
17667
1288
1292
17705
17706
17707
17708
17709
17710
17711
17712
17713
17714
17715
17716
17717
17718
17719
17725
1357
1378
1387
1391
1398
1440
1441
1442
1447
1462
1465
1466
1468
1469
1471
1502
17886
17895
1529
1548
1549
1550
1551
1552
1579
1589
1599
1606
1610
1633
1645
1661
1668
1673
1676
1678
18066
1683
1684
18073
1692
1697
1699
18087
18088
1705
18096
1713
18102
18115
1774
1775
1806
1829
1836
18233
18235
18237
18238
1855
18241
1866
18256
18257
1880
1881
1882
18266
1883
18267
1884
1885
18269
1886
1887
1888
1889
1890
1891
1892
18276
1893
1894
1895
1896
1897
1898
18282
1899
18283
1900
1901
1903
1905
1906
18290
1907
1909
1910
18295
1913
1914
1916
18300
1919
1927
1952
1953
1954
1955
1956
1957
1963
1964
1965
1966
1967
1968
1969
1970
1971
1972
1973
1974
1975
1976
1977
1978
1979
1980
1981
1982
1983
1984
1985
1986
1987
1988
1989
1990
1991
1992
1993
1994
1995
1996
1997
1998
1999
2000
2001
2002
2003
2004
2005
2006
2007
2008
2009
2010
2011
2012
2013
2014
2015
2016
2017
2018
2019
2020
2021
2022
2023
2024
2025
2026
2027
2028
2029
2030
2031
2032
2033
2034
2035
2036
2037
2038
2039
2040
2041
2042
2043
18427
2044
2045
2046
2047
18431
2048
2049
2050
2051
2052
2053
2054
2055
2056
2057
2058
2059
2060
2062
2063
2065
2066
2067
2068
2069
2070
2071
2072
2073
2074
2075
2076
2077
2078
2079
2080
2081
2082
2083
2084
2085
2086
2087
2088
2089
2090
2091
2092
2093
2094
2095
2096
2097
2098
2099
2100
2101
2102
2103
2104
2105
2106
2107
2108
2109
2110
2111
2112
2113
2114
2115
2116
2117
2118
2119
2120
2121
2122
2123
2124
2125
2126
2127
2128
2129
2130
2131
2132
2133
2134
2135
2136
2137
2138
2139
2140
2141
2142
2143
2144
2145
2146
2147
2148
2149
2150
2151
2152
2153
2154
2155
2156
2157
2158
2159
2160
2161
2162
2163
2164
2165
2166
2167
2168
2169
2170
2171
2172
2173
2174
2175
2176
2177
2178
2179
2180
2181
2182
2183
2184
2185
2186
2187
2188
2189
2190
2191
2192
2193
2194
2195
2196
2197
2198
2199
2200
2201
2202
2203
2204
2205
18589
2206
2207
2208
2209
2210
2211
2212
2213
2214
2215
2216
2217
18601
2218
2219
2220
2221
2222
2223
2224
2225
2226
2227
2228
2229
2230
2231
2232
2233
2234
2235
2236
2237
2238
2239
2240
2241
2242
2243
2244
2245
2246
2247
2249
2250
2251
2252
2253
2254
2255
2256
2257
18641
2258
2259
2261
2263
2264
2265
2266
2267
2268
2269
2270
2271
2272
2273
2274
2275
2276
2277
2278
2279
2280
2281
2282
2283
2284
2285
2286
2287
2288
2289
18674
2290
2291
2292
2293
2294
2295
2296
2297
18682
2298
2299
2300
2301
2302
2303
2304
2305
2306
2307
18692
2308
18693
2309
2310
2311
2312
2313
2314
2315
18700
2316
2317
2318
18703
2319
18704
2320
2321
18706
2322
2323
18708
18709
2325
2326
18711
2327
18712
2328
2329
2330
18715
2331
18716
2332
18717
2333
18718
2334
2335
2336
18721
2337
18722
2338
2339
2340
18725
2341
2342
18727
2343
18728
2344
18729
2345
18730
2346
18731
2347
18732
2348
18733
2349
2350
2351
2352
18737
2353
18738
2354
18739
2355
18740
2356
18741
2357
18742
2358
18743
2359
18744
2360
18745
2361
18746
2362
18747
2363
18748
2364
18749
2365
18750
2366
18751
2367
18752
2368
18753
2369
18754
2370
18755
2371
18756
2372
18757
2373
18758
2374
18759
2375
18760
2376
18761
2377
2378
18763
2379
2380
18765
2381
18766
2382
18767
2383
18768
2384
18769
2385
18770
2386
18771
2387
18772
2388
18773
2389
18774
2390
18775
2391
18776
2392
18777
2393
18778
2394
18779
2395
18780
2396
18781
2397
2398
18783
2399
2400
18785
2401
2402
18787
2403
18788
2404
2405
2406
18791
2407
2408
2409
18794
2410
18795
2411
18796
2412
18797
2413
18798
2414
18799
2415
18800
2416
18801
2417
18802
2418
2419
2420
2421
2422
18807
2423
2424
2425
2426
18811
2427
18812
2428
18813
2429
18814
2430
18815
2431
18816
2432
18817
2433
18818
2434
18819
2435
18820
2436
18821
2437
18822
2438
18823
2439
18824
2440
18825
2441
18826
2442
18827
2443
18828
2444
18829
2445
18830
2446
18831
2447
18832
2448
18833
2449
18834
2450
18835
2451
18836
2452
18837
2453
18838
2454
18839
2455
18840
2456
18841
2457
18842
2458
18843
2459
18844
2460
18845
2461
18846
2462
18847
2463
18848
2464
18849
2465
18850
2466
18851
2467
18852
2468
18853
2469
18854
2470
18855
2471
18856
2472
2473
18858
2474
18859
2475
18860
2476
18861
2477
18862
2478
18863
2479
2480
18865
2481
18866
2482
18867
2483
18868
2484
18869
2485
18870
2486
18871
2487
18872
2488
18873
2489
18874
2490
18875
2491
18876
2492
18877
2493
18878
2494
18879
2495
18880
2496
18881
2497
18882
2498
18883
2499
18884
2500
18885
2501
18886
2502
18887
2503
18888
2504
18889
2505
18890
2506
18891
2507
18892
2508
18893
2509
18894
2510
18895
2511
18896
2512
18897
2513
18898
2514
18899
2515
18900
2516
18901
2517
18902
2518
18903
2519
18904
2520
18905
2521
18906
2522
18907
2523
18908
2524
18909
2525
18910
2526
18911
2527
18912
2528
18913
2529
18914
2530
18915
2531
18916
2532
18917
2533
18918
2534
18919
2535
18920
2536
18921
2537
18922
2538
18923
2539
18924
2540
18925
2541
18926
2542
18927
2543
18928
2544
18929
2545
18930
2546
2547
18932
2548
2549
2550
2551
2552
18937
2553
18938
2554
2555
2556
18941
2557
18942
2558
18943
2559
2560
2561
2562
2563
18948
2564
18949
2565
18950
2566
18951
2567
18952
2568
18953
2569
2570
18955
2571
18956
2572
2573
2574
2575
2576
2577
2578
18963
2579
2580
2581
2582
2583
2584
18969
2585
18970
2586
2587
2588
2589
18974
2590
18975
2591
2592
18977
2593
18978
2594
18979
2595
18980
2596
18981
2597
18982
2598
18983
2599
18984
2600
18985
2601
18986
2602
18987
2603
18988
2604
18989
2605
18990
2606
18991
2607
18992
2608
18993
2609
18994
2610
18995
2611
18996
2612
18997
2613
18998
2614
18999
2615
19000
2616
19001
2617
19002
2618
19003
2619
19004
2620
19005
2621
19006
2622
19007
2623
19008
2624
19009
2625
19010
2626
19011
2627
19012
2628
19013
2629
19014
2630
19015
2631
19016
2632
19017
2633
19018
2634
19019
2635
19020
2636
19021
2637
19022
2638
19023
2639
19024
2640
19025
2641
19026
2642
19027
2643
19028
2644
19029
2645
19030
2646
19031
2647
19032
2648
19033
2649
19034
2650
19035
2651
19036
2652
19037
2653
19038
2654
2655
19040
2656
19041
2657
19042
2658
19043
2659
2660
2661
2662
2663
2664
2665
2666
2667
2668
2669
2670
2671
2672
19057
2673
19058
2674
19059
2675
19060
2676
19061
2677
19062
2678
19063
2679
19064
2680
19065
2681
19066
2682
19067
2683
19068
2684
19069
2685
19070
2686
19071
2687
19072
2688
19073
2689
19074
2690
19075
2691
19076
2692
19077
2693
19078
2694
2695
19080
2696
19081
2697
19082
2698
19083
2699
19084
2700
19085
2701
19086
2702
19087
2703
19088
2704
19089
2705
19090
2706
19091
2707
19092
2708
19093
2709
19094
2710
19095
2711
19096
2712
19097
2713
19098
2714
19099
2715
19100
2716
19101
2717
2718
19103
2719
19104
2720
19105
2721
19106
2722
2723
19108
2724
19109
2725
19110
2726
2727
2728
2729
19114
2730
19115
2731
19116
2732
2733
2734
19119
2735
19120
2736
19121
2737
19122
2738
19123
2739
19124
2740
19125
2741
19126
2742
19127
2743
19128
2744
19129
2745
19130
2746
19131
2747
19132
2748
2749
19134
2750
19135
2751
19136
2752
19137
2753
19138
2754
19139
2755
19140
2756
19141
2757
19142
2758
19143
2759
19144
2760
19145
2761
19146
2762
19147
2763
19148
2764
19149
2765
19150
2766
19151
2767
19152
2768
19153
2769
19154
2770
19155
2771
19156
2772
2773
19158
2774
19159
2775
19160
2776
19161
2777
19162
2778
19163
2779
19164
2780
19165
2781
2782
2783
19168
2784
19169
2785
19170
2786
19171
2787
19172
2788
19173
2789
19174
2790
19175
2791
19176
2792
19177
2793
19178
2794
19179
2795
19180
2796
19181
2797
19182
2798
19183
2799
19184
2800
19185
2801
19186
2802
19187
2803
19188
2804
19189
2805
19190
2806
19191
2807
19192
2808
19193
2809
19194
2810
19195
2811
19196
2812
19197
2813
19198
2814
19199
2815
19200
2816
19201
2817
19202
2818
19203
2819
19204
2820
19205
2821
19206
2822
19207
2823
19208
2824
19209
19210
2826
19211
2827
19212
2828
19213
2829
19214
2830
19215
2831
19216
2832
19217
2833
19218
2834
19219
2835
19220
2836
19221
2837
19222
2838
19223
2839
19224
2840
19225
2841
19226
2842
19227
19228
2844
19229
2845
19230
2846
19231
2847
19232
2848
19233
2849
19234
2850
19235
2851
19236
2852
19237
2853
19238
2854
19239
2855
19240
2856
19241
2857
19242
2858
19243
2859
19244
2860
19245
2861
19246
2862
19247
2863
19248
2864
19249
2865
19250
2866
2867
2868
19253
2869
2870
19255
2871
19256
2872
19257
2873
19258
2874
19259
2875
19260
2876
19261
2877
19262
2878
19263
2879
2880
2881
19266
2882
19267
2883
19268
2884
19269
2885
19270
2886
19271
2887
19272
2888
19273
2889
19274
2890
19275
2891
19276
2892
19277
2893
19278
2894
19279
2895
19280
2896
19281
2897
19282
2898
19283
2899
19284
2900
19285
2901
19286
2902
19287
2903
19288
2904
19289
2905
19290
2906
19291
2907
19292
2908
19293
2909
19294
2910
19295
2911
19296
2912
19297
2913
19298
2914
19299
2915
19300
2916
19301
2917
19302
2918
19303
2919
2920
2921
2922
19307
2923
19308
2924
19309
19310
2926
19311
2927
19312
2928
19313
2929
19314
19315
2931
19316
2932
19317
2933
19318
2934
2935
2936
19321
2937
2938
19323
2939
19324
2940
19325
2941
19326
2942
19327
2943
19328
2944
19329
2945
19330
2946
19331
2947
19332
2948
19333
2949
2950
19335
2951
19336
2952
19337
2953
19338
2954
19339
2955
19340
2956
19341
2957
19342
2958
19343
2959
19344
2960
19345
2961
19346
2962
19347
2963
19348
2964
19349
2965
19350
2966
19351
2967
2968
19353
2969
19354
2970
19355
2971
19356
2972
19357
2973
19358
2974
19359
2975
19360
2976
19361
19362
2978
2979
19364
2980
19365
2981
19366
2982
2983
2984
19369
2985
19370
2986
19371
2987
19372
2988
19373
2989
19374
2990
19375
2991
19376
2992
19377
2993
19378
2994
19379
2995
19380
2996
19381
2997
19382
2998
19383
2999
19384
3000
19385
3001
19386
3002
19387
3003
19388
3004
19389
3005
19390
3006
19391
3007
19392
3008
19393
3009
19394
3010
19395
3011
19396
3012
19397
3013
3014
19399
3015
19400
3016
19401
3017
19402
3018
19403
3019
19404
3020
19405
3021
19406
3022
19407
3023
19408
3024
19409
3025
19410
3026
19411
3027
19412
3028
19413
3029
19414
3030
19415
3031
19416
3032
19417
3033
19418
3034
19419
3035
19420
3036
19421
3037
19422
3038
19423
3039
19424
3040
19425
3041
19426
3042
19427
3043
19428
3044
19429
3045
19430
3046
19431
3047
19432
3048
19433
3049
19434
3050
19435
3051
19436
3052
19437
3053
19438
3054
19439
3055
19440
3056
3057
3058
3059
19444
3060
19445
3061
19446
3062
19447
3063
19448
3064
19449
3065
19450
3066
19451
3067
19452
3068
19453
3069
19454
3070
19455
3071
19456
3072
19457
3073
19458
3074
19459
3075
19460
3076
19461
3077
19462
3078
19463
3079
19464
3080
19465
3081
19466
3082
19467
19468
3084
19469
3085
19470
3086
19471
3087
19472
3088
19473
3089
19474
3090
19475
3091
19476
3092
19477
3093
19478
3094
3095
19480
3096
19481
3097
19482
3098
19483
3099
19484
3100
19485
3101
3102
3103
19488
3104
19489
3105
19490
3106
19491
3107
19492
3108
19493
3109
19494
3110
19495
3111
3112
3113
19498
3114
19499
3115
19500
3116
19501
3117
19502
3118
19503
3119
19504
3120
19505
3121
19506
3122
19507
3123
19508
3124
19509
3125
19510
3126
19511
3127
19512
3128
19513
3129
19514
3130
19515
3131
19516
3132
19517
3133
19518
3134
19519
3135
3136
3137
3138
19523
3139
3140
19525
3141
19526
3142
19527
3143
19528
3144
19529
3145
3146
19531
3147
19532
3148
19533
3149
19534
3150
3151
19536
3152
19537
3153
3154
19539
3155
19540
3156
19541
3157
19542
3158
19543
3159
19544
3160
19545
3161
19546
3162
19547
3163
19548
3164
19549
3165
19550
3166
19551
3167
19552
3168
19553
19554
3170
19555
3171
19556
19557
3173
19558
19559
3175
19560
3176
19561
19562
3178
19563
3179
19564
3180
19565
3181
19566
3182
19567
3183
19568
3184
3185
19570
3186
19571
3187
19572
3188
19573
3189
19574
3190
19575
3191
19576
3192
19577
3193
19578
3194
19579
3195
19580
19581
3197
19582
3198
19583
3199
19584
3200
19585
3201
19586
19587
3203
19588
3204
19589
3205
19590
3206
19591
3207
3208
19593
3209
3210
3211
3213
19598
3214
19599
3215
19600
3216
19601
3217
19602
3218
19603
3219
19604
3220
19605
3221
19606
3222
19607
3223
19608
3224
19609
3225
19610
3226
19611
3227
19612
3228
19613
3229
19614
3230
19615
3231
19616
3232
19617
3233
19618
3234
19619
3235
19620
3236
19621
3237
19622
3238
19623
3239
19624
3240
19625
3241
19626
3242
19627
3243
19628
19629
3246
3247
19632
3248
19633
3249
19634
3250
19635
19636
3252
19637
3253
19638
3254
19639
3255
19640
3256
19641
3257
19642
3258
19643
3259
19644
3260
19645
3261
19646
3262
19647
19648
19649
3265
19650
3266
19651
3267
19652
3268
19653
3269
19654
3270
19655
3271
19656
3272
19657
19658
19659
3275
19660
19661
3277
19662
3278
19663
3279
3280
19665
3281
19666
3282
19667
19668
3284
19669
3285
19670
3286
19671
3287
19672
3288
19673
3289
19674
3290
19675
3291
19676
19677
3293
19678
19679
3295
19680
3296
19681
3297
19682
19683
3299
19684
3300
19685
3302
19687
3303
19688
3304
3305
19690
3306
19691
19692
3308
19693
3309
19694
3310
19695
3311
19696
19697
3313
19698
3314
19699
3315
19700
3316
19701
3317
19702
19703
3319
19704
3320
19705
3321
19706
3322
19707
19708
19709
3325
19710
3326
19711
3327
19712
3328
19713
3329
19714
3330
19715
19716
3332
19717
3333
19718
19719
3335
19720
19721
3337
19722
3338
19723
3339
19724
3340
19725
3341
19726
3342
19727
3343
19728
3344
19729
3345
19730
3346
19731
3347
19732
19733
3349
19734
3350
19735
19736
3352
19737
3353
19738
3354
19739
3355
19740
3356
19741
3357
3359
19744
3360
19745
3361
19746
3362
19747
3363
19748
3364
19749
3365
3366
3367
19752
3368
19753
3369
19754
19755
3371
19756
3372
19757
19758
19759
19760
3376
3377
3378
19763
3379
19764
3380
19765
19766
3382
19767
3383
19768
3384
19769
3385
19770
3386
19771
19772
19773
19774
3390
19775
3391
19776
19777
3393
19778
3394
3396
3397
19782
3398
19783
3399
19784
3400
19785
3401
19786
3402
19787
3403
19788
3404
19789
3405
19790
3406
19791
3407
19792
3408
19793
3409
19794
19795
3411
19796
3412
19797
3413
19798
19799
3415
19800
3416
19801
3417
19802
19803
3419
19804
3420
19805
3421
19806
3422
19807
3423
19808
3424
19809
19810
3426
19811
3427
19812
3428
19813
3429
19814
19815
3431
19816
3432
19817
3433
19818
19819
3435
19820
3436
19821
3437
19822
3438
19823
3439
19824
3440
19825
3441
19826
3442
19827
3443
19828
3444
19829
3445
19830
3446
19831
3447
19832
3448
19833
3449
19834
3450
19835
3451
19836
3452
19837
3453
19838
3454
19839
3455
19840
3456
19841
3457
19842
3458
19843
3459
19844
3460
19845
3461
19846
3462
19847
3463
19848
3464
19849
3465
19850
3466
19851
3467
19852
3468
19853
3469
19854
3470
19855
3471
19856
3472
19857
3473
19858
3474
3475
19860
3476
19861
3477
19862
3478
19863
3479
19864
3480
19865
3481
19866
3482
19867
3483
19868
3484
3485
19870
3486
19871
3487
19872
3488
3489
19874
3490
19875
3491
19876
3492
19877
3493
19878
3494
19879
3495
19880
3496
19881
3497
19882
3498
19883
3499
19884
3500
19885
3501
19886
3502
19887
3503
19888
3504
19889
3505
19890
3506
3507
3508
19893
3509
19894
3510
19895
3511
19896
3512
19897
3513
19898
3514
19899
3515
19900
3516
19901
3517
19902
3518
19903
3519
19904
3520
19905
3521
19906
3522
19907
3523
19908
3524
19909
3525
19910
3526
19911
3527
19912
3528
19913
3529
19914
3530
19915
3531
19916
3532
19917
3533
19918
3534
19919
3535
19920
3536
19921
3537
19922
3538
19923
3539
19924
3540
19925
3541
3542
19927
3543
19928
3544
19929
3545
19930
3546
19931
3547
19932
3548
19933
3549
19934
3550
19935
3551
19936
3552
19937
3553
19938
3554
19939
3555
19940
3556
19941
3557
19942
3558
19943
3559
19944
3560
19945
3561
19946
3562
19947
19948
19949
19950
19951
19952
19954
19955
19956
19957
19958
19959
19960
19961
19962
19963
19964
19965
19966
19967
19968
19969
19970
19971
19972
19973
19974
19975
19976
19977
19978
19979
19980
19981
19982
19983
19986
19987
19988
19989
19990
19991
19992
19993
19994
19995
19996
19997
19998
19999
20000
20001
20002
20003
20004
20005
20006
20007
20008
20009
20010
20011
20012
20013
20015
20016
20017
20018
20019
20020
20021
20022
20023
20024
20025
20026
20027
20028
20029
20030
20031
20032
20033
20034
20035
20036
20037
20038
20039
20040
20041
20042
20043
20044
20045
20046
20047
20048
20049
20050
20051
20052
20053
20054
20055
3671
20056
3672
20057
3673
20058
3674
20059
3675
20060
3676
20061
3677
20062
3678
20063
3679
20064
3680
20065
3681
20066
3682
20067
20068
20069
20070
20071
20072
20073
20074
20075
20076
20077
20078
20079
20080
20081
20082
20083
20084
20085
20086
20087
20088
20089
20090
20091
20092
20093
20094
20095
20096
20097
20098
20099
20100
20101
20102
20103
20104
20105
20106
20107
20108
20109
20110
20111
20112
20113
20114
20115
20116
20117
20118
20119
20120
20121
20122
20123
20124
20125
20126
20127
20128
20129
20130
20131
20132
20133
20134
20135
20136
20137
20138
20139
20140
20141
20142
20143
20144
20145
20146
20147
20148
20149
20150
20151
20152
20153
20154
20155
20156
20157
20158
20159
20160
20161
20162
20163
20164
20165
20166
3782
20167
3783
20168
3784
20169
3785
20170
3786
20171
3787
20172
3788
20173
3789
20174
3790
20175
3791
20176
3792
20177
3793
20178
3794
20179
3795
20180
3796
20181
3797
20182
3798
20183
3799
20184
20185
20186
20187
20188
20189
20190
20191
20192
20193
20194
20195
20196
20197
20198
20199
20200
20201
20202
20203
20204
20205
20206
20207
20208
20209
20210
20211
20212
20213
20214
20215
20216
20217
20218
20219
20220
20221
20222
20223
20224
20225
20226
20227
20228
20229
20230
20231
20232
20233
20234
20235
20236
20237
3853
20238
3854
20239
3855
20240
3856
20241
3857
20242
3858
20243
3859
20244
3860
20245
3861
20246
3862
20247
3863
20248
3864
20249
20250
20251
20252
20253
20254
20255
20256
20257
20258
20259
20260
20261
20262
20263
20264
20265
20266
20267
20268
20269
20270
20271
20272
20273
20274
20275
20276
20277
20278
20279
20280
20281
20282
20283
20284
20285
20286
20287
20288
20289
20290
20291
20292
20293
20294
20295
20296
20297
20298
20299
20300
20301
20302
20303
20304
20305
20306
20307
20308
20309
20310
20311
20312
20313
20314
20315
20316
20317
20318
20319
20320
20322
20323
20324
20325
20326
20327
20328
20329
20330
20331
20332
20333
20334
20335
20336
20337
20338
20339
20340
20341
20342
20343
20344
20345
20346
20347
20348
20349
20350
20351
20352
20353
20354
20355
20356
20357
20358
20359
20360
20361
20362
20363
20364
20365
20366
20367
20368
20369
20370
20371
20372
20373
20374
20375
20376
20377
20378
20379
20380
20381
20382
20383
20384
20385
20386
20387
20388
20389
20390
20391
20392
20393
20394
20395
20396
20397
20398
20399
20400
20401
20402
20403
20404
20405
20406
20407
20408
20409
20410
20411
20412
20414
20415
20416
20417
20418
20419
20420
20421
20422
20423
20424
20425
20426
20427
20428
20429
20430
20431
20432
20433
20434
20435
20436
20437
20438
20439
20440
20441
20442
20443
20444
20445
20446
20447
20448
20449
20450
20451
20452
20453
20454
20455
20456
20457
20458
20459
20460
20461
20462
20463
20464
20465
20466
20467
20468
20469
20470
20471
20472
20473
20474
20475
20476
20477
20478
20479
20480
20481
20482
20483
20484
20485
20486
20487
20488
20489
20490
20491
20492
20493
20494
20495
20496
20497
20498
20499
20500
20501
20502
20503
20504
20505
20506
20507
20508
20509
20510
20511
20512
20513
20514
20515
20516
20517
20518
20519
20520
20521
20522
20523
20524
20525
20526
20527
20528
20529
20530
20531
20532
20533
20534
20535
20536
20537
20538
20539
20540
20541
20542
20543
20544
20545
20546
20547
20548
20549
20550
20551
20552
20553
20554
20555
20556
20557
20558
20559
20560
20561
20562
20563
20564
20565
20566
20567
20568
20569
20570
20571
20572
20573
20574
20575
20576
20577
20578
20579
20580
20581
20582
20583
20584
20585
20586
20587
20588
20589
20590
20591
20592
20593
20594
20595
20596
20597
20598
20599
20600
20601
20602
20603
20604
20605
20606
20607
20608
20609
20610
20611
20612
20613
20614
20615
20616
20617
20618
20619
20620
20621
20622
20623
20624
4240
20625
4241
20626
4242
20627
20628
4244
20629
4245
20630
4246
20631
4247
20632
4248
20633
4249
20634
4250
20635
4251
20636
4252
20637
4253
20638
4254
20639
4255
20640
20641
20642
20643
20644
20645
20646
20647
20648
20649
20650
20651
20652
20653
20654
20655
20656
20657
20658
20659
20660
20661
20662
20663
20664
20665
20666
20667
20668
20669
20670
20671
20672
20673
20674
20675
20676
20677
20678
20679
20680
20681
20682
20683
20684
20685
20686
20687
20688
20689
20690
20691
20692
20693
20694
20695
20696
20697
20698
20699
20700
20701
20702
20703
20704
20705
20706
20707
20708
20709
20710
20711
20712
20713
20714
20715
20716
20717
20718
20719
20720
20721
20722
20723
20724
20725
20726
20727
20728
20729
20730
20732
20733
20734
20735
20736
20737
20738
20739
20740
20741
20742
20743
20744
20745
20746
20747
20748
20749
20750
20751
20752
20753
20754
20755
20756
20757
20758
20759
20760
20761
20762
20763
20764
20765
20766
20767
20768
20769
20770
20771
20772
20773
20774
20775
20776
20777
20778
20779
20780
20781
20782
20783
20784
20785
4439
4488
4489
20934
20945
20946
21072
21073
21074
21075
4729
4730
4731
4732
4733
4734
4735
4736
4737
4738
4739
4740
4741
4742
4743
4744
4745
4746
4747
4748
4749
4750
4751
4752
4753
4754
4755
4756
4757
4758
4759
4760
4761
4762
4763
4774
4775
4776
4777
4778
4779
4780
21216
4903
4904
4909
4910
21304
21320
21321
21322
21323
21325
21326
4942
21398
5020
5029
5032
5049
21520
21521
21522
21525
21526
5236
5319
5320
5322
5348
5398
5399
5430
5431
5432
5433
5434
5436
5437
5438
5439
5442
5443
5444
5445
5450
5451
5457
5473
5487
5488
5492
5493
5494
5495
5496
5497
5498
5499
5504
5505
5512
5514
5517
21902
21904
5550
5551
5552
5553
5554
5577
5581
5583
5585
5586
5590
5591
5592
22032
22033
22037
22064
22171
22181
22182
22221
22222
22223
22235
22236
22238
22239
22250
22266
22281
22282
22314
22315
22355
22356
22357
22399
22400
22409
22410
22416
22431
22432
22440
22444
6065
6066
6067
6068
6069
6070
6071
6072
6073
6074
6075
6076
6077
6078
6079
6080
6081
6082
6083
6084
6085
6086
6087
6088
6089
6092
6093
6094
6095
6096
6097
6098
6099
6100
6101
6106
6107
6108
6109
6110
6111
6112
6113
6115
6131
6133
6134
6135
6136
6137
6138
6139
6140
6141
6142
6143
6144
6145
6146
6147
6148
6149
22534
6150
22535
6152
6153
22538
6154
6155
6156
6157
6158
6159
6160
6161
6162
6163
6164
6165
6167
6169
6171
6172
6184
6185
6186
22648
22658
22659
6434
6448
6466
6487
6488
6577
6578
6579
6580
6581
6582
6583
6593
6613
6672
6718
6736
6829
6853
6860
6863
6901
6902
6911
6916
6917
6918
6921
6922
6937
6942
6943
6945
6948
6949
6952
7007
7008
7009
7010
7011
7012
7013
7014
7015
7016
7017
7018
7019
7020
7021
7022
7023
7024
7025
7026
7027
7028
7029
7030
7031
7032
7033
7034
7035
7036
7037
7038
7039
7040
7041
7042
7043
7044
7045
7046
7047
7048
7051
7052
7053
7054
7055
7056
7057
7058
7059
7060
7061
7062
7063
7064
7065
7066
7067
7068
7069
7070
7071
7072
7073
7074
7075
7076
7077
7078
7079
7080
7081
7082
7083
7084
7085
7086
7087
7088
7089
7090
7091
7092
7093
7094
7095
7096
7097
7098
7099
7100
7101
7102
7103
7104
7105
7106
7107
7108
7109
7110
7111
7112
7113
7114
7115
7116
7117
7118
7119
7120
7121
7122
7123
7124
7125
7126
7127
7128
7129
7130
7131
7132
7133
7134
7135
7136
7137
7138
7139
7140
7141
7142
7143
7144
7145
7146
7147
7148
7149
7150
7151
7152
7153
7154
7155
7156
7157
7158
7159
7160
7161
7162
7163
7164
7165
7166
7167
7168
7169
7170
7171
7172
7173
7174
7175
7176
7177
7178
7179
7180
7181
7182
7183
7184
7185
7186
7187
7188
7189
7190
7191
7192
7193
7194
7195
7196
7197
7198
7199
7217
7218
7219
7220
7221
7222
7223
7224
7241
7242
7243
7244
7245
7246
7247
7248
7249
7250
7251
7252
7253
7254
7263
7264
7268
7269
7270
7271
7272
7273
7274
7275
7276
7277
7278
7279
7280
7281
7289
7290
7292
7293
7302
23727
23729
7365
7366
7367
7368
7369
7370
7371
7376
7377
7378
7409
7416
7437
7448
7481
7482
7484
7573
7574
7575
7582
7583
7584
7585
7586
7587
7588
7589
7590
7591
7592
7593
7594
7595
7596
7597
7598
7599
7600
7601
7602
7603
7604
7605
7606
7607
7608
7609
7610
7611
7612
7613
7614
7615
7616
7617
7618
7619
7620
7621
7622
7623
7624
7625
7626
7627
7628
7629
7630
7631
7632
7633
7634
7635
7636
7637
7638
7639
7640
7641
7642
7643
7644
7645
7646
7647
7648
7649
7650
7651
7652
7653
7654
7655
7656
7658
7659
7660
7661
7662
7663
7664
7665
7666
7667
7668
7669
7670
7671
7672
7673
7674
7675
7676
7677
7678
7679
7680
7681
7682
7683
7684
7685
7686
7687
7688
7689
7690
7691
7692
7693
7694
7695
7696
7697
7698
7699
7700
7701
7702
7704
7705
7706
7707
7708
7709
7710
7711
7712
7713
7714
7715
7716
7717
7718
7719
7720
7721
7722
7723
7724
7725
7726
7727
7728
7729
7730
7731
7732
7733
7734
7735
7736
7737
7738
7739
7740
7741
7742
7743
7744
7745
7746
7747
7748
7749
7750
7751
7752
7753
7754
7755
7756
7757
7758
7759
7760
7761
7762
7763
7764
7765
7766
7767
7768
7769
7770
7771
7772
7773
7774
7775
7776
7777
7778
7779
7780
7781
7782
7783
7784
7785
7786
7787
7788
7789
7790
7791
7792
7793
7794
7795
7796
7797
7798
7799
7800
7801
7802
7803
7804
7805
7806
7807
7808
7809
7810
7811
7812
7813
7814
7815
7816
7817
7818
7819
7820
7821
7822
7823
7824
7825
7826
7827
7828
7829
7830
7831
7832
7833
7834
7835
7836
7837
7838
7839
7840
7841
7842
7843
7844
7845
7846
7847
7848
7849
7850
7851
7852
7853
7854
7856
7857
7858
7859
7860
7861
7862
7863
7864
7865
7866
7867
7868
7869
7870
7871
7872
7873
7874
7875
7876
7877
7878
7879
7880
7881
7882
7883
7885
7886
7887
7888
7889
7890
7891
7892
7893
7894
7895
7896
7897
7898
7899
7900
7901
7902
7903
7904
7905
7906
7907
7908
7909
7910
7911
7912
7913
7914
7915
7916
7917
7918
7919
7920
7921
7922
7923
7924
7925
7926
7927
7928
7929
7930
7931
7932
7933
7934
7935
7936
7937
7938
7939
7940
7941
7942
7943
7944
7945
7946
7947
7948
7949
7950
7951
7952
7953
7954
7955
7956
7957
7958
7959
7960
7961
7962
7963
7964
7965
7966
7967
7968
7969
7970
7971
7972
7973
7974
7975
7976
7977
7978
7979
7980
7981
7982
7983
7984
7985
7986
7987
7988
7989
7990
7991
7992
7993
7994
7995
7996
7997
7998
7999
8000
8001
8002
8003
8004
8005
8006
8007
8008
8009
8010
8011
8012
8013
8014
8015
8016
8017
8018
8019
8020
8021
8022
8023
8024
8025
8026
8027
8028
8029
8030
8031
8032
8033
8034
8035
8036
8037
8038
8039
8040
8041
8042
8043
8044
8045
8046
8047
8048
8049
8050
8051
8052
8053
8054
8055
8056
8057
8058
8059
8060
8061
8062
8063
8064
8065
8066
8067
8068
8069
8070
8071
8072
8073
8074
8075
8076
8077
8078
8079
8080
8081
8082
8083
8084
8085
8086
8087
8088
8089
8090
8091
8092
8093
8094
8095
8096
8097
8098
8099
8101
8102
8103
8104
8105
8106
8107
8108
8109
8110
8111
8112
8113
8114
8115
8116
8117
8118
8119
8120
8121
8122
8123
8124
8125
8126
8127
8128
8129
8130
8131
8132
8133
8134
8135
8136
8137
8138
8139
8140
8141
8142
8143
8144
8145
8146
8147
8148
8149
8150
8151
8152
8153
8154
8155
8156
8157
8158
8159
8160
8161
8162
8163
8164
8165
8166
8167
8168
8169
8170
8171
8172
8173
8174
8175
8176
8177
8178
8179
8180
8181
8182
8183
8184
8185
8186
8187
8188
8189
8190
8191
8192
8193
8194
8195
8196
8197
8198
8199
8200
8201
8202
8203
8204
8205
8206
8207
8208
8209
8210
8211
8212
8213
8214
8215
8216
8217
8218
8219
8220
8221
8222
8223
8224
8225
8226
8227
8228
8229
8230
8231
8232
8233
8234
8235
8236
8237
8238
8239
8240
8241
8242
8244
8245
8246
8247
8248
8249
8250
8251
8252
8253
8254
8255
8256
8257
8258
8259
8260
8261
8262
8263
8264
8265
8266
8267
8268
8269
8270
8271
8272
8273
8274
8275
8276
8277
8278
8279
8280
8281
8282
8283
8284
8285
8286
8287
8288
8289
8290
8291
8292
8293
8294
8295
8296
8297
8298
8299
8300
8301
8302
8303
8304
8305
8306
8307
8308
8309
8310
8311
8312
8313
8314
8315
8316
8317
8318
8319
8320
8321
8322
8323
8324
8325
8326
8327
8328
8329
8330
8331
8332
8333
8334
8335
8336
8337
8338
8339
8340
8341
8342
8343
8344
8345
8346
8347
8348
8349
8350
8351
8352
8353
8354
8356
8357
8358
8359
8360
8361
8362
8363
8364
8365
8366
8367
8368
8369
8370
8371
8372
8373
8374
8375
8376
8377
8378
8379
8380
8381
8382
8383
8384
8385
8386
8387
8388
8389
8390
8391
8392
8393
8394
8395
8396
8397
8398
8399
8400
8401
8402
8403
8404
8405
8406
8407
8408
8409
8410
8411
8412
8413
8414
8415
8416
8417
8418
8419
8420
8421
8422
8423
8424
8425
8426
8427
8428
8429
8430
8431
8432
8433
8434
8435
8436
8437
8438
8439
8440
8441
8442
8443
8444
8445
8446
8447
8448
8449
8450
8451
8452
8453
8454
8455
8456
8457
8458
8459
8460
8461
8462
8463
8464
8465
8466
8467
8468
8471
8472
8473
8474
8475
8476
8477
8478
8479
8480
8481
8482
8483
8484
8485
8486
8487
8488
8489
8490
8491
8492
8493
8494
8495
8496
8497
8498
8499
8500
8501
8502
8503
8504
8505
8506
8507
8508
8509
8510
8511
8512
8513
8514
8515
8516
8517
8518
8519
8520
8521
8522
8523
8524
8525
8526
8527
8528
8529
8530
8531
8532
8533
8534
8535
8536
8537
8538
8539
8540
8541
8542
8543
8544
8545
8546
8547
8548
8549
8550
8551
8552
8553
8554
8555
8556
8557
8558
8559
8560
8561
8562
8563
8564
8565
8566
8567
8568
8569
8570
8571
8572
8573
8574
8575
8576
8577
8578
8579
8580
8581
8582
8583
8584
8585
8586
8587
8588
8589
8590
8591
8592
8593
8594
8595
8596
8597
8598
8599
8600
8601
8602
8603
8604
8605
8606
8607
8608
8609
8610
8611
8612
8613
8614
8615
8616
8617
8618
8619
8620
8621
8622
8623
8624
8625
8626
8627
8628
8629
8630
8631
8632
8633
8634
8635
8636
8637
8638
8639
8640
8641
8642
8643
8644
8645
8646
8647
8648
8649
8650
8651
8652
8653
8654
8655
8656
8657
8658
8659
8660
8661
8662
8663
8664
8665
8666
8667
8668
8669
8670
8671
8672
8673
8674
8675
8676
8677
8678
8679
8680
8681
8682
8683
8684
8685
8686
8687
8688
8689
8690
8691
8692
8693
8694
8695
8696
8697
8698
8699
8700
8701
8702
8703
8704
8705
8706
8707
8708
8709
8710
8711
8712
8713
8714
8715
8716
8717
8718
8719
8720
8721
8722
8723
8724
8725
8726
8727
8728
8729
8730
8731
8732
8733
8734
8735
8736
8737
8738
8739
8740
8741
8742
8743
8744
8745
8746
8747
8748
8749
8750
8751
8752
8753
8754
8755
8756
8757
8758
8759
8760
8761
8762
8763
8764
8765
8766
8767
8768
8769
8770
8771
8772
8773
8774
8775
8776
8777
8778
8779
8780
8781
8782
8783
8784
8785
8786
8787
8788
8789
8790
8791
8792
8793
8794
8795
8796
8797
8798
8799
8800
8801
8802
8803
8804
8805
8806
8807
8808
8809
8810
8811
8812
8813
8814
8815
8816
8817
8818
8819
8820
8821
8822
8823
8824
8825
8826
8827
8828
8829
8830
8831
8832
8833
8834
8835
8836
8837
8838
8839
8840
8841
8842
8843
8844
8845
8846
8847
8848
8849
8850
8851
8852
8853
8854
8855
8856
8857
8858
8859
8860
8861
8862
8863
8864
8865
8866
8867
8868
8869
8870
8871
8872
8873
8874
8875
8876
8877
8878
8879
8880
8881
8882
8883
8884
8885
8886
8887
8888
8889
8890
8891
8892
8893
8894
8895
8896
8897
8898
8899
8900
8901
8902
8903
8904
8905
8906
8907
8908
8909
8910
8911
8912
8913
8914
8915
8916
8917
8918
8919
8920
8921
8922
8923
8924
8925
8926
8927
8928
8929
8930
8931
8932
8933
8934
8935
8936
8937
8938
8939
8940
8941
8942
8943
8944
8945
8946
8947
8948
8949
8950
8951
8952
8953
8954
8955
8956
8957
8958
8959
8960
8961
8962
8963
8964
8965
8966
8967
8968
8969
8970
8971
8972
8973
8974
8975
8976
8977
8978
8979
8980
8981
8982
8983
8984
8985
8986
8987
8988
8989
8990
8991
8992
8993
8994
8995
8996
8997
8998
8999
9000
9001
9002
9003
9004
9005
9006
9007
9008
9011
9012
9013
9014
9015
9016
9017
9018
9019
9020
9021
9256
9257
9258
9259
9261
9263
9264
9272
9273
9274
9275
9276
9281
9283
9312
9313
9314
9332
9333
9334
9336
9340
9343
9347
9348
9349
9350
9351
9352
9354
9355
9357
9358
9359
9364
9365
9366
9367
9368
9369
9378
9379
9380
9381
9382
9383
9384
9385
9386
9387
9388
9391
9392
9393
9394
9395
9396
9397
9398
9399
9400
9401
9402
9403
9413
9420
9427
9472
9473
9476
9477
9478
9479
9486
9487
9490
9491
9492
9494
9497
9505
9507
9764
9765
9766
9796
9798
9808
9820
9823
9827
9828
9833
9843
9847
9848
9853
9855
9856
9857
9858
9862
9863
9959
10167
10299
10300
10357
10413
11714
11715
11716
11717
11718
11719
11720
11721
11722
11723
11724
11725
11726
11757
11758
11759
11760
11761
11762
11763
11764
11765
11766
11767
11768
11769
11770
11771
11772
11773
11774
11775
11776
11777
11778
11779
11784
11785
11786
11787
11788
11790
11791
12320
12532
12533
12534
12546
12548
12549
12554
12557
12558
12562
12566
12591
12864
12925
13109
13158
13191
13197
13212
13214
13220
13244
13314
13321
13322
13323
13324
13325
13326
13327
13328
13330
13353
13354
13355
13359
13360
13361
13362
13363
13364
13371
13372
13373
13378
13435
13442
13443
13444
13445
13446
13447
13448
13449
13450
13451
13452
13453
13454
13455
13456
13457
13458
13459
13460
13461
13462
13463
13464
13465
13466
13467
13468
13469
13470
13471
13472
13473
13474
13475
13476
13477
13478
13479
13480
13481
13482
13483
13485
13486
13487
13488
13489
13490
13491
13492
13493
13494
13495
13496
13497
13498
13499
13500
13501
13502
13503
13504
13505
13506
13507
13508
13509
13510
13511
13512
13513
13514
13515
13516
13517
13518
13519
13520
13521
13522
13523
13524
13525
13526
13527
13528
13529
13530
13531
13532
13533
13534
13535
13536
13537
13538
13539
13540
13541
13542
13543
13544
13545
13546
13547
13548
13549
13550
13551
13552
13553
13554
13555
13556
13557
13558
13559
13560
13561
13563
13564
13565
13566
13567
13568
13569
13570
13571
13572
13573
13574
13575
13576
13577
13578
13579
13580
13581
13582
13583
13584
13585
13586
13587
13588
13589
13590
13591
13592
13593
13594
13595
13596
13597
13598
13599
13600
13601
13602
13603
13604
13605
13606
13607
13608
13609
13610
13611
13612
13613
13614
13615
13616
13617
13618
13619
13620
13621
13622
13623
13625
13629
13630
13631
13632
13633
13634
13635
13636
13637
13638
13639
13640
13641
13642
13644
13646
13647
13648
13649
13650
13651
13652
13653
13654
13655
13656
13657
13658
13659
13660
13661
13662
13663
13664
13665
13666
13667
13668
13669
13670
13671
13672
13673
13674
13675
13676
13677
13678
13679
13680
13681
13682
13683
13684
13685
13686
13687
13688
13689
13690
13691
13692
13693
13694
13695
13696
13697
13698
13699
13700
13701
13702
13703
13704
13705
13706
13707
13708
13709
13710
13711
13712
13713
13714
13715
13716
13717
13718
13719
13720
13729
13730
13731
13732
13733
13734
13735
13736
13737
13738
13739
13740
13741
13742
13743
13744
13745
13746
13747
13748
13749
13750
13751
13752
13753
13754
13755
13756
13757
13758
13759
13760
13761
13762
13763
13764
13765
13766
13767
13768
13769
13770
13771
13772
13773
13774
13775
13776
13777
13778
13779
13780
13781
13782
13783
13784
13785
13786
13787
13788
13789
13790
13792
13793
13794
13795
13796
13797
13798
13799
13800
13801
13805
13806
13807
13808
13809
13810
13811
13812
13813
13814
13815
13816
13818
13819
13820
13821
13822
13823
13824
13825
13826
13827
13828
13829
13830
13831
13832
13833
13834
13835
13836
13837
13838
13839
13840
13841
13842
13843
13844
13846
13847
13848
13849
13850
13851
13852
13853
13854
13855
13856
13857
13858
13859
13860
13861
13862
13863
13864
13865
13866
13867
13868
13869
13870
13871
13872
13873
13874
13875
13876
13877
13878
13879
13880
13881
13882
13883
13884
13885
13886
13887
13888
13889
13890
13891
13892
13893
13894
13895
13896
13897
13898
13899
13900
13901
13902
13903
13904
13905
13906
13907
13908
13909
13910
13911
13912
13913
13916
13917
13918
13919
13920
13921
13922
13923
13924
13925
13926
13927
13928
13929
13930
13931
13932
13933
13934
13935
13936
13937
13938
13939
13940
13941
13942
13943
13944
13945
13946
13947
13948
13949
13950
13951
13952
13953
13954
13955
13956
13957
13958
13959
13960
13961
13962
13963
13964
13965
13966
13967
13968
13969
13970
13971
13972
13973
13974
13975
13976
13977
13978
13979
13980
13981
13982
13983
13984
13985
13986
13987
13988
13989
13990
13991
13992
13993
13994
13995
13996
13997
13998
13999
14000
14001
14002
14003
14004
14005
14006
14007
14008
14009
14010
14011
14012
14013
14014
14015
14016
14017
14018
14019
14020
14021
14022
14023
14024
14025
14026
14027
14028
14029
14030
14031
14032
14033
14034
14035
14036
14037
14038
14039
14040
14041
14042
14043
14044
14045
14047
14048
14049
14053
14054
14055
14056
14057
14058
14059
14060
14061
14062
14063
14064
14065
14066
14067
14068
14069
14070
14071
14072
14073
14074
14075
14076
14077
14078
14079
14080
14081
14082
14083
14084
14085
14086
14087
14088
14090
14091
14092
14093
14094
14095
14096
14097
14098
14099
14100
14101
14102
14103
14104
14105
14106
14107
14108
14109
14110
14111
14112
14113
14114
14115
14116
14117
14118
14119
14120
14123
14124
14125
14126
14127
14131
14134
14135
14136
14137
14138
14139
14140
14141
14142
14143
14144
14145
14146
14147
14149
14150
14151
14152
14153
14154
14155
14156
14157
14158
14159
14163
14164
14165
14166
14167
14168
14169
14174
14175
14176
14177
14181
14182
14183
14184
14185
14186
14187
14188
14189
14190
14191
14192
14193
14194
14195
14197
14199
14200
14202
14203
14204
14205
14207
14208
14212
14214
14215
14216
14217
14221
14222
14223
14224
14225
14226
14227
14228
14229
14230
14231
14232
14233
14234
14235
14236
14237
14238
14239
14240
14241
14242
14243
14244
14245
14246
14248
14249
14251
14252
14253
14254
14255
14256
14257
14258
14260
14261
14262
14263
14265
14266
14269
14270
14271
14272
14275
14276
14277
14280
14283
14284
14285
14286
14287
14288
14289
14290
14291
14292
14293
14294
14295
14296
14297
14298
14299
14300
14301
14302
14303
14304
14305
14306
14307
14308
14309
14310
14311
14317
14318
14319
14320
14321
14322
14323
14324
14325
14326
14327
14328
14329
14330
14331
14332
14333
14334
14335
14336
14337
14338
14339
14340
14341
14342
14343
14344
14345
14346
14347
14348
14349
14350
14351
14352
14353
14354
14355
14356
14357
14358
14361
14362
14363
14365
14366
14367
14368
14369
14370
14371
14372
14373
14374
14375
14376
14377
14378
14379
14380
14381
14382
14383
14384
14385
14386
14387
14388
14389
14390
14391
14392
14393
14394
14395
14396
14397
14398
14399
14400
14401
14402
14403
14404
14405
14406
14407
14408
14409
14410
14411
14412
14413
14414
14415
14416
14417
14418
14419
14420
14421
14422
14423
14424
14425
14426
14427
14428
14429
14430
14431
14432
14433
14434
14435
14436
14437
14438
14439
14440
14441
14442
14443
14444
14445
14446
14447
14448
14449
14450
14452
14453
14454
14455
14456
14457
14458
14459
14460
14461
14462
14463
14464
14465
14466
14467
14468
14469
14470
14471
14472
14473
14474
14475
14476
14477
14478
14479
14480
14481
14482
14483
14484
14485
14486
14487
14488
14489
14490
14491
14492
14493
14494
14495
14496
14497
14498
14499
14500
14501
14502
14503
14504
14505
14506
14507
14508
14509
14510
14511
14512
14516
14517
14518
14519
14520
14521
14522
14523
14524
14525
14526
14527
14528
14529
14530
14531
14532
14533
14534
14535
14536
14537
14538
14539
14540
14541
14542
14543
14544
14545
14546
14547
14548
14549
14550
14554
14555
14556
14557
14560
14561
14562
14563
14564
14565
14566
14567
14568
14570
14571
14572
14573
14574
14575
14576
14577
14578
14579
14580
14581
14582
14583
14584
14585
14586
14587
14588
14589
14590
14591
14592
14593
14594
14595
14596
14597
14598
14599
14600
14601
14602
14603
14604
14605
14606
14607
14608
14609
14610
14611
14612
14613
14614
14615
14616
14617
14618
14619
14620
14621
14622
14623
14624
14625
14626
14627
14628
14629
14630
14631
14632
14633
14634
14635
14636
14637
14638
14639
14640
14644
14645
14646
14647
14648
14649
14650
14651
14652
14653
14657
14658
14659
14660
14661
14662
14663
14664
14666
14668
14669
14670
14671
14672
14673
14674
14675
14676
14677
14678
14679
14680
14681
14682
14683
14684
14685
14686
14687
14688
14689
14690
14691
14692
14693
14694
14695
14696
14697
14698
14699
14700
14701
14702
14703
14704
14705
14706
14707
14708
14709
14710
14711
14712
14713
14714
14715
14716
14717
14718
14719
14720
14721
14722
14723
14724
14725
14726
14727
14728
14732
14733
14734
14735
14736
14737
14738
14739
14743
14744
14745
14746
14747
14748
14749
14750
14751
14752
14753
14754
14755
14756
14757
14758
14759
14760
14761
14762
14763
14764
14765
14766
14767
14768
14769
14770
14771
14772
14773
14774
14775
14776
14777
14778
14779
14780
14781
14782
14783
14784
14785
14786
14787
14788
14789
14790
14791
14792
14793
14794
14795
14796
14797
14798
14802
14803
14804
14805
14806
14807
14808
14809
14810
14811
14812
14813
14814
14815
14820
14821
14822
14823
14824
14825
14826
14827
14828
14829
14833
14834
14835
14836
14838
14839
14840
14841
14842
14843
14844
14845
14846
14847
14848
14849
14850
14851
14852
14853
14854
14855
14856
14857
14858
14859
14860
14861
14862
14863
14864
14865
14866
14867
14868
14869
14870
14871
14872
14873
14874
14875
14876
14877
14878
14879
14880
14881
14882
14883
14884
14885
14886
14887
14888
14889
14890
14891
14892
14893
14894
14895
14896
14897
14903
14904
14905
14906
14907
14913
14914
14915
14916
14917
14918
14919
14920
14921
14922
14923
14924
14925
14926
14927
14928
14929
14930
14931
14932
14933
14934
14935
14936
14937
14938
14939
14940
14941
14942
14943
14944
14945
14946
14947
14948
14949
14950
14951
14952
14953
14954
14955
14956
14957
14958
14960
14961
14962
14963
14964
14965
14966
14967
14968
14969
14970
14971
14972
14973
14974
14975
14976
14977
14978
14979
14980
14981
14982
14983
14984
14985
14986
14987
14988
14989
14990
14991
14992
14993
14994
14995
14996
14997
14998
14999
15000
15001
15002
15003
15004
15005
15006
15007
15008
15009
15010
15011
15012
15013
15014
15015
15016
15017
15018
15019
15020
15021
15022
15023
15024
15025
15026
15027
15028
15029
15030
15031
15032
15033
15034
15035
15036
15037
15038
15039
15040
15041
15042
15043
15044
15045
15046
15047
15048
15049
15050
15051
15052
15053
15054
15055
15056
15057
15058
15059
15060
15061
15062
15063
15064
15065
15066
15067
15068
15069
15070
15071
15072
15073
15074
15075
15076
15077
15078
15079
15080
15081
15082
15083
15084
15086
15087
15088
15089
15090
15091
15092
15093
15094
15095
15096
15097
15098
15099
15100
15101
15102
15103
15104
15105
15106
15107
15108
15109
15110
15111
15112
15113
15114
15115
15116
15117
15118
15119
15120
15121
15122
15123
15124
15125
15126
15127
15128
15129
15130
15131
15132
15133
15134
15135
15136
15137
15138
15139
15140
15141
15142
15143
15144
15145
15146
15147
15148
15149
15150
15151
15152
15153
15154
15155
15156
15157
15158
15159
15160
15161
15162
15163
15164
15165
15166
15167
15168
15169
15170
15171
15172
15173
15174
15175
15176
15177
15178
15179
15180
15181
15182
15183
15184
15185
15186
15187
15188
15189
15190
15191
15192
15193
15194
15195
15196
15197
15198
15199
15200
15201
15202
15203
15204
15205
15206
15207
15208
15209
15210
15211
15212
15213
15214
15215
15216
15217
15218
15219
15220
15221
15222
15223
15224
15225
15226
15227
15228
15229
15230
15231
15232
15233
15234
15235
15236
15237
15238
15239
15240
15241
15242
15243
15244
15245
15246
15247
15248
15249
15250
15251
15252
15253
15254
15255
15256
15257
15258
15259
15260
15261
15262
15263
15264
15265
15266
15267
15268
15269
15270
15271
15272
15273
15283
15285
15286
15287
15288
15289
15290
15298
15301
15306
15308
15310
15318
15320
15322
15323
15324
15330
15333
15334
15335
15336
15342
15343
15350
15402
15403
15404
15405
15406
15407
15408
15409
15410
15411
15421
15422
15423
15424
15429
15433
15434
15435
15436
15437
15438
15439
15440
15441
15442
15443
15444
15459
15460
15461
15462
15463
15464
15465
15466
15467
15468
15469
15470
15471
15472
15473
15474
15748
15749
15750
15751
15752
15753
15802
16072
)


// ************************************************************************* //
