/*--------------------------------*- C++ -*----------------------------------*\
| =========                 |                                                 |
| \\      /  F ield         | OpenFOAM: The Open Source CFD Toolbox           |
|  \\    /   O peration     | Version:  2206                                  |
|   \\  /    A nd           | Website:  www.openfoam.com                      |
|    \\/     M anipulation  |                                                 |
\*---------------------------------------------------------------------------*/
FoamFile
{
    version     2.0;
    format      ascii;
    arch        "LSB;label=32;scalar=64";
    class       cellSet;
    location    "constant/polyMesh/sets";
    object      concaveCells;
}
// * * * * * * * * * * * * * * * * * * * * * * * * * * * * * * * * * * * * * //


2172
(
28673
28674
28675
20484
28676
49158
32778
49166
28693
28694
28695
28696
20506
32796
32803
8230
49205
28725
20534
28726
28727
36919
28728
32825
4161
4169
4179
4180
84
85
86
87
32855
4184
4185
32858
49244
20574
28769
28770
28771
45156
28772
16495
32887
32889
124
125
126
32894
127
36996
32902
49298
8343
16535
4249
28825
28826
158
159
160
161
28834
49315
28835
28836
28837
20649
49324
32945
45234
49331
20659
8372
49333
49334
28854
28855
28862
28863
28864
32960
28865
32961
194
195
196
45253
197
8391
32967
20682
45264
28882
28883
28884
28885
4322
45285
229
230
28902
231
28903
232
28904
28905
37100
8435
16633
28922
8443
28923
28924
28925
20736
49413
49414
265
33033
266
267
268
33036
49429
33047
49432
4376
282
283
4382
33056
49441
20773
49447
45354
28973
45358
28974
28975
28976
45361
45364
45372
28993
28994
20803
28995
45380
28996
8518
330
20810
49487
45391
8533
29013
29014
29015
29016
20830
33120
45410
8549
20837
33128
29033
29034
29035
29036
49517
4463
33136
49521
370
33143
20856
378
49531
379
380
381
29053
20862
29054
29055
29056
20865
16775
33160
4494
16786
4499
406
20886
407
408
37272
8602
4506
410
20890
45468
29085
29086
29087
4512
29088
45480
49579
16812
16814
20919
441
442
443
444
37313
16834
20930
20940
20946
8659
45530
16860
477
478
479
16863
20959
480
49637
16869
45542
16870
488
16872
45545
16873
20969
4589
37357
16878
16879
20975
16881
16882
20979
16884
4598
29176
505
4602
506
29190
29191
29200
16913
29201
45592
16925
21022
45600
29216
4641
16929
29217
49699
49703
49705
4650
29226
4651
29227
558
559
45616
560
561
45618
4663
33335
45629
4671
45635
29252
29253
4679
4681
4683
29261
590
4687
591
592
33360
593
21077
8792
16986
8796
4701
610
611
612
613
29287
29288
29294
4720
21104
630
21110
631
632
633
37497
21115
21125
4742
37510
650
17034
651
652
8845
653
21133
29326
8847
29327
29328
29329
29330
29331
4756
29332
21141
29333
29334
29335
29336
4764
670
17054
671
672
49825
673
45730
37541
33446
4785
29365
29366
29367
29368
45756
33470
49861
709
29381
710
29382
711
712
45771
4820
729
730
731
8927
17124
37607
49898
747
748
749
750
37616
8945
4849
49907
4852
17143
49915
29436
8957
767
17151
768
769
770
21255
37640
45838
29456
29457
49938
29458
787
4888
793
8986
794
795
21275
796
8990
8991
29482
29483
29484
813
29485
33581
17200
820
4917
824
21304
29498
29499
9024
832
37702
45899
9037
4941
4944
848
849
50003
45907
50004
33621
45910
17238
29528
29529
29530
29531
4958
21342
50020
37733
21357
4976
9073
37746
4979
883
33651
17269
45950
4990
17278
4992
4994
45956
45960
9100
21390
9107
21398
5020
9117
927
928
929
17314
932
50087
939
940
5037
941
943
5041
9138
50103
46007
33719
29625
37818
29626
29627
29628
50112
46022
46024
17356
50125
17357
50126
5072
29649
29650
33746
29651
980
29652
37845
981
9174
984
17368
46041
985
9178
17370
21469
5086
990
21470
17375
17376
33764
17388
9200
21490
29685
29686
29687
29688
46076
1029
1030
33800
50189
33806
29711
29712
17425
29713
9234
29714
5143
1047
1048
17439
17442
46115
46116
1061
1062
37930
29738
29739
29740
17453
29741
9265
21556
1078
1079
46137
46140
5180
1084
17468
1085
46146
1092
21573
9288
5192
29772
29773
29774
29775
1105
46162
21586
46164
37974
1110
1117
1118
17503
37984
1121
1122
1125
5222
1126
50281
29804
29805
29806
1135
29807
1136
1139
21619
1140
46197
1143
1144
50305
1153
33929
1163
1164
38030
42128
29840
29841
29842
29843
42132
33940
5273
9373
17566
5281
17569
38051
5283
21668
46255
42161
42163
1204
21687
33976
33978
38075
1213
1214
1215
46284
38096
21713
38098
29909
29910
21719
29911
29912
42206
42215
5351
1256
1257
17642
1262
42226
29939
1268
21748
29940
29941
42230
29942
42231
1273
1274
1275
38141
21760
1281
34051
1287
1289
46346
1290
1293
1294
1297
1298
38163
50453
1301
29973
29974
29975
29976
1305
1307
17691
5404
1308
21788
9503
21795
1317
38186
21803
1326
17710
21806
1327
21809
9522
50485
42295
42296
30008
30009
30010
34106
42299
30011
42302
42303
42306
42307
34118
34120
5449
46410
46411
30030
30031
46416
30032
21841
30033
21842
50517
1365
17749
46422
1366
17750
46424
42329
42330
17755
1375
1376
42340
42341
1382
50535
1383
5482
21867
46446
42350
42351
1392
1393
21881
1402
1403
1404
1405
50559
1408
30080
38273
1409
30081
42370
1410
30082
1411
30083
1412
1415
1416
50570
42379
17816
50585
42393
9626
34202
34203
17821
46497
42401
42402
17829
42408
42409
38314
21932
42413
17838
21934
30129
30131
30132
42421
1461
30133
1462
9660
9662
38335
17855
50625
30145
30146
30147
1476
30148
1477
21961
17867
21963
17868
21964
17870
1493
30165
1494
30166
30167
9690
50655
9702
34282
38385
9718
42487
42488
50681
22011
1532
50686
22014
22019
42500
42501
42506
42507
34316
9743
34319
9744
1552
46609
1553
1554
30228
30229
30230
30231
34328
50714
42528
30248
30249
9770
30250
30251
9775
34353
38450
1588
1589
1590
1591
30268
42557
30269
42558
30270
30271
34368
34369
46659
42563
34376
42569
42570
50764
17996
46671
30288
46673
18001
30289
30290
30291
46676
9812
34389
22102
1623
46680
1624
1625
1626
18010
50781
46685
42589
42590
34399
30308
30309
30310
46695
30311
50794
38508
42606
42607
30328
30329
30330
13947
30331
34429
1664
1665
1666
42627
1667
42628
42630
34440
9867
30348
30349
30350
42639
30351
42640
22162
42646
42647
42648
5791
5792
30368
30369
30370
30371
1700
22180
13989
1701
1702
42663
1703
42664
18094
42677
22197
46774
42678
50873
14011
1724
1725
1726
42687
1727
22207
42688
42705
42706
1747
46807
18136
22233
1754
22234
1755
18139
30429
46814
30430
46815
42719
30431
34527
42720
1760
30432
1761
1762
1763
46824
42728
42729
18153
42732
22252
42733
22253
30449
22258
30450
30451
30452
42742
42743
14075
50942
50943
42752
42753
9988
18181
30469
30470
18183
30471
30472
50958
46864
10003
50969
14105
22297
30489
30490
42779
10011
30491
14108
10012
30492
46877
10013
18206
18212
42789
18216
50985
46890
14124
30509
30510
30511
30512
1843
10036
22326
46903
42807
10045
18239
1857
18241
14150
10055
51017
10057
14156
22348
10061
30543
30544
30545
30546
51027
14163
22361
34651
46942
5985
5990
22374
46952
14192
1904
1905
14194
1906
1907
34675
18293
30586
18299
30587
10112
42882
10114
42883
46980
30598
30607
42897
42898
6035
30611
1940
1941
1942
46999
1943
34711
42915
14243
42916
10151
22444
10157
18350
6064
14258
14260
6068
42933
51126
42934
42935
42936
1976
1977
1978
1979
42943
42944
30664
10185
51149
14287
14294
2006
14295
2007
30679
2008
51161
14297
2009
30681
30682
42975
42976
14304
42977
14307
30691
47076
14308
22502
14318
22510
14319
51191
10231
30711
34808
2042
30714
2043
6140
2044
2045
10239
30722
43016
43017
30734
14351
30735
43025
14353
2068
2069
2070
22554
14363
6171
14368
34848
51234
43042
43043
47143
14375
47145
14379
22571
51244
14380
34861
14382
43055
2095
43056
2096
2097
2098
6200
51261
30781
47166
14399
14400
34882
6213
43081
2123
2124
14413
2125
14414
2126
30804
18517
51287
14423
30807
43098
43099
10333
43102
43103
43106
43107
43108
30820
43110
47207
43111
18540
43119
30831
30834
14454
30838
14455
34935
47227
51325
34941
18560
22659
47236
14468
2181
2182
30855
30856
47246
43151
18576
2193
14482
14484
43159
2200
22680
30872
30873
43166
6302
34974
14498
10402
10404
18596
30886
10407
30887
10408
34984
10411
10414
47279
22703
34992
30897
30898
10419
2234
2235
2236
35004
10429
2237
2240
2241
2242
2243
2244
2245
2248
22728
2249
43216
43217
6353
47314
47319
10455
14553
18649
14554
2266
2267
51420
51429
30952
51434
47340
2284
2285
10481
14578
18676
14581
43254
10486
14584
2297
35065
2298
43259
43260
43261
14589
47358
43262
14590
18686
35070
35073
2306
2307
18698
18699
51469
18704
30992
14611
43284
14615
14616
43289
14617
35098
22811
35099
2332
2333
47390
18719
31010
47396
47397
47401
14634
2346
14635
2347
51506
51507
14647
22839
51512
14648
43321
43322
43323
43324
18751
47424
31040
14657
14658
2370
43334
22857
35146
43339
14667
14668
35151
18768
22864
51539
47444
18774
14679
43352
14680
2395
2396
22876
43361
2401
2402
43363
43364
35174
14700
14701
22894
43380
18805
51579
14715
14716
35199
47488
6528
43395
51592
43400
51593
14729
14730
18827
51597
51600
6544
51601
6547
6548
31125
35221
51607
18843
31131
2462
2463
22943
51622
22952
35240
35241
47540
43450
22970
22971
31164
2494
43458
43459
22979
43460
43461
22983
6605
47566
2516
2517
2518
2519
23012
18919
2548
2549
2550
23030
35318
2551
43527
43528
2568
14857
2569
2570
2571
23052
6672
14870
6678
14871
43545
43546
43547
43548
6684
2588
2589
2590
2591
31263
47651
18988
2608
47665
2609
47666
2610
2611
47668
47669
47671
47672
43578
47675
43579
43580
43581
14910
14911
47680
47684
2628
2629
2630
2631
19017
35401
47691
23115
31311
14928
14929
35409
23129
14939
31324
19042
14950
14951
14952
19048
35432
23146
14957
14958
14965
6773
43638
35452
43645
2687
2688
2689
47746
2690
35458
35461
43654
43655
43656
19080
35464
35465
19084
2707
2708
23188
31380
2709
2710
31385
19106
19108
2727
2728
2729
2730
23216
2747
2748
2749
2750
23236
35524
15046
15047
43720
35530
15051
19147
15053
15054
2767
2768
2769
19153
43730
2770
35540
47830
15063
15064
2787
2788
2789
2790
35563
35566
43759
15087
2807
15096
2808
2809
43770
2810
43771
15099
19195
43772
15100
6908
15101
35581
15102
19202
6921
2827
2828
2829
2830
43791
35599
43792
15120
15121
15122
15123
31508
43797
35610
19227
23323
6942
6945
35617
15140
19236
23334
6954
43822
35630
43824
43825
35636
43834
15162
43835
15163
15164
43837
47937
15171
15172
15176
35657
43850
15178
15179
2895
2896
19280
47953
47954
43860
15188
15189
15190
15191
2906
2907
2908
2909
43877
43881
15210
43884
31597
2926
7023
2927
43894
43897
43899
43900
43903
43905
7041
19333
31623
43914
2963
43924
43930
43934
43937
35745
43940
43941
43943
2984
43947
2987
2990
2991
31664
15281
2994
2995
15285
15288
23480
19386
19400
31691
15309
19405
15310
7119
35793
23508
15318
15319
15324
15326
15328
15329
44003
44004
19428
3047
31734
35830
19451
15364
3076
23562
48141
31766
15384
15385
31778
44067
44068
23590
44072
15402
15403
23595
35884
35890
48181
44087
7223
44090
23611
15420
15421
31806
35902
44098
44099
44102
44103
15432
15433
44112
44115
3157
15446
15448
44121
15449
3163
35933
44126
15457
35941
3175
15465
15468
3180
15475
3191
19582
19584
15489
15490
44166
44167
15501
19599
19600
23696
7315
3219
3225
3230
3231
23712
31908
23718
3240
23724
23727
44209
44210
3256
44217
3257
44218
44219
44220
7356
19646
19651
23748
48326
19654
44231
44235
7371
15564
44243
3289
19673
23770
23771
44253
19680
48353
48360
23788
15603
44276
15604
3316
44277
15605
15606
7414
48376
44294
44295
15629
23821
15630
15631
15632
44312
23832
44313
36124
19750
44330
44331
15664
15665
36149
3384
44348
44349
19774
36159
15686
15688
15689
44364
23884
44365
19791
15698
7506
36178
48470
32087
23896
15708
44382
15710
44383
15711
19807
15712
15713
48483
7528
48494
44400
44401
15741
7555
15750
15751
15752
15753
48529
15766
15769
15775
7587
28069
15784
7600
15793
15799
44472
19900
3517
19902
48575
15807
3523
44491
19916
48591
3536
28112
28113
36311
28124
44509
28125
15840
15841
44516
7658
7661
19952
15858
15859
7673
48635
32252
32254
44547
15876
15877
36359
28178
28179
19989
15894
15895
19991
36376
28196
15909
28197
32299
3630
32302
15919
15920
15921
28214
36407
15928
15929
44606
48703
36415
28225
15938
15939
32329
7755
32332
36433
3667
44633
20064
15971
15972
44646
44650
7786
7787
44652
28272
28273
15987
28276
28277
48759
15991
3711
16000
16001
28290
28291
28294
28295
7817
20106
28298
16011
20107
28299
44689
36499
48788
16020
28308
44693
16021
28309
48791
44696
3736
20122
28315
28316
16030
16031
48800
48802
3747
36515
20133
28325
28326
48809
3755
3758
28335
28336
20146
20157
7870
7872
3778
20162
32454
36552
20172
44754
7897
28379
20188
28380
28381
48862
28382
3810
44771
16113
16114
48886
36601
28410
28411
28412
28413
36608
48898
16133
16134
16135
20231
20236
20237
20238
44818
20242
44820
7957
44822
28440
28441
16154
28442
16156
44830
36639
36640
48929
20261
36646
7978
32554
44850
28467
28468
28469
28470
44855
44856
3896
48953
16189
20285
16190
16191
36671
16192
48968
44872
48969
48970
16205
28494
28495
16208
28496
44881
28497
48982
32598
44888
48998
28520
28521
28522
28523
32620
16238
16239
16240
16241
3955
49013
8053
20341
36726
36728
28540
28541
28542
28543
16263
16265
16266
28560
28561
32657
28562
28563
16278
16281
16282
44962
4006
20390
49063
8103
16300
49076
44985
8121
20412
8128
32704
49089
32709
20424
36809
49099
49105
8148
20437
32725
28631
28632
28633
28634
32730
8160
20449
49122
45027
32739
16357
45030
16358
49127
4075
28651
28652
28653
28654
32753
45042
45044
49141
36857
45051
4093
36861
20478
)


// ************************************************************************* //
